update playercreateinfo set
map =1,
zone =1637,
position_x = 2126.657227,
position_y = -4732.455078,
position_z = 50.196129,
orientation = 2.535217
where race in (2, 5, 6, 8, 10);
